           1   5.34339142       5.34339142       0.00000000    
           2   3.69647622       4.51993370       0.00000000    
           3   6.82588387       5.28858376       0.00000000    
           4   3.24477243       4.77763081       0.00000000    
           5   4.78289032       4.77868271       0.00000000    
           6   9.28648758       5.52998352       0.00000000    
           7   1.60984874       4.96996450       0.00000000    
           8   8.05371380       5.35543346       0.00000000    
           9   1.20269537       4.89401817       0.00000000    
          10   4.44044113       4.84866047       0.00000000    
          11   2.82814550       4.66497707       0.00000000    
          12  0.838583708       4.34611082       0.00000000    
          13   3.11247110       4.25121546       0.00000000    
          14   7.65415144       4.49428225       0.00000000    
          15   5.39619160       4.55440950       0.00000000    
          16   4.14274120       4.52867985       0.00000000    
          17   6.04021072       4.61759377       0.00000000    
          18   3.30763221       4.54481792       0.00000000    
          19   2.09515333       4.41588831       0.00000000    
          20   4.21949863       4.40606880       0.00000000    
